protocol_id,elem_id,pattern,segmentation,who,id
prot-198889--44,i-b9af07f32d8f3e56,,metadata,,
prot-198889--44,i-3ddc6839954479bd,,metadata,,
prot-198889--44,i-2e6015317e1e0689,,metadata,,
prot-198889--44,i-028fb81c2eb96b67,,metadata,,
prot-198889--44,i-cc2f39a4b176eb58,,metadata,,
prot-198889--44,i-ecbbb09ed6f7e252,,metadata,,
prot-198889--44,i-649b1ba9d60bf6de,,note,,
prot-198889--44,i-4ea6a2f57dc60dab,,metadata,,
prot-198889--44,i-177cb05a3544b474,,metadata,,
prot-198889--44,i-9d61f38333a3717c,,note,,
prot-198889--44,i-59b235f7556ac77f,,note,,
prot-198889--44,i-017b973a2f2815d2,,metadata,,
prot-198889--44,i-71bb87b4f722a4b7,,metadata,,
prot-198889--44,i-7e66e00aa0af19b7,,metadata,,
prot-198889--44,i-1b1a278c8e870d86,,metadata,,
prot-198889--44,i-e1ad7d0b0a7e13a4,,metadata,,
prot-198889--44,i-3ca794e1779f1b0b,,metadata,,
prot-198889--44,i-e4cfa84d1358533c,,metadata,,
prot-198889--44,i-44bdacb46d157700,,metadata,,
prot-198889--44,i-e9df3cffee50203f,,metadata,,
prot-198889--44,i-f42a7d5eb0f06351,,metadata,,
prot-198889--44,i-f3503de22f06e79d,,metadata,,
prot-198889--44,i-e65e81fa623f6fb1,,note,,
prot-198889--44,i-81d59477bf5d7f63,,metadata,,
prot-198889--44,i-ea767d58067453b5,,note,,
prot-198889--44,i-577780b2ade23515,,note,,
prot-198889--44,i-55d2861bcf09459a,,metadata,,
prot-198889--44,i-1b709b86764bcfbc,,note,,
prot-198889--44,i-fabc5dd8dcc03860,,metadata,,
prot-198889--44,i-aa0fec5b0dc6723a,,metadata,,
prot-198889--44,i-6f1bf0ff1e4e76da,,metadata,,
prot-198889--44,i-e3f1a3b5c7d73896,,metadata,,
prot-198889--44,i-05f836b9cbf72210,,metadata,,
prot-198889--44,i-43cd66ab484c9e46,,metadata,,
prot-198889--44,i-df084535c63a0736,,note,,
prot-198889--44,i-e765601a453feb80,,note,,
prot-198889--44,i-f5490d7284dd0167,,note,,
prot-198889--44,i-633ee05a93d4af78,,note,,
prot-198889--44,i-91c3fab362f6b791,,note,,
prot-198889--44,i-1e4cbf6c2e2b4607,,note,,
prot-198889--44,i-51cd4fe61f8837fc,,note,,
prot-198889--44,i-5cad3fde4c844fde,,metadata,,
prot-198889--44,i-7abb3ffb2e916abc,,note,,
prot-198889--44,i-61fcd0d84f48a01b,,note,,
prot-198889--44,i-524aef0d2b65749a,,note,,
prot-198889--44,i-32a40953dacca10d,,metadata,,
prot-198889--44,i-4b121b770dee45b9,,metadata,,
prot-198889--44,i-0d63acb862bb68f3,,note,,
prot-198889--44,i-295ba0549ad1a6d7,,note,,
prot-198889--44,i-e95e85c13295e1ed,,note,,
prot-198889--44,i-3919f5687c32ab46,,note,,
prot-198889--44,i-d1fd1bb3bc4ae940,,note,,
prot-198889--44,i-a69d6ed2604de796,,note,,
prot-198889--44,i-1bf75adff1611f60,,note,,
prot-198889--44,i-6d6cfbfeef20bd14,,note,,
prot-198889--44,i-75da0ed5496b2f3c,,note,,
prot-198889--44,i-6003e2a24f40b199,,note,,
prot-198889--44,i-3f88462f11f1a553,,note,,
prot-198889--44,i-61a46b0965c72a4a,,note,,
prot-198889--44,i-ae3cbe6b3a4b517b,,note,,
prot-198889--44,i-8f50a04bf14dcc80,,note,,
prot-198889--44,i-cc05f394701f154d,,metadata,,
prot-198889--44,i-d85ca9d97bc58b34,,note,,
prot-198889--44,i-eee6d202a241d581,,note,,
prot-198889--44,i-8f61c56a77b297a6,,note,,
prot-198889--44,i-b9351ed5abfb84d6,,note,,
prot-198889--44,i-d1a2884b4f0832fc,,metadata,,
prot-198889--44,i-a3218e2ed67b6126,,note,,
prot-198889--44,i-4afb0425ff380dcb,,note,,
prot-198889--44,i-ec0d602decd5ccbb,,metadata,,
prot-198889--44,i-2727d697b9dec81d,,note,,
prot-198889--44,i-59e4253f372a0a97,,note,,
prot-198889--44,i-ea134b5900e8f845,,note,,
prot-198889--44,i-37c9e18130c71e38,,note,,
prot-198889--44,i-628b093ff1e6c127,,note,,
prot-198889--44,i-2e7037ce4a9fc8bb,,note,,
prot-198889--44,i-dfa7fae6c4ce70c0,f0d538d10bda4e34,speech_start,sten_svensson_2c68c6,
prot-198889--44,i-77f4135442c0c29f,,note,,
prot-198889--44,i-8c1b9d9f2f8210ea,,metadata,,
prot-198889--44,i-72ce33a0f1395607,,note,,
prot-198889--44,i-b34de95d24dbb979,,metadata,,
prot-198889--44,i-b2d2ff06fa7ccc7f,,metadata,,
prot-198889--44,i-e0e7bc02eeca838f,,note,,
prot-198889--44,i-f9d1e7fb460d5c96,f0d538d10bda4e34,speech_start,barbro_westerholm_a38781,
prot-198889--44,i-e38db19bb27a3535,,metadata,,
prot-198889--44,i-d86b5d3b0bd88e18,,note,,
prot-198889--44,i-71bd5ba0b676f619,,metadata,,
prot-198889--44,i-5374cd3eb4d6560a,,metadata,,
prot-198889--44,i-44e8d3dc9a22f593,,note,,
prot-198889--44,i-9ee1d27775184d0a,,note,,
prot-198889--44,i-aba9fb87b939c087,,note,,
prot-198889--44,i-1d86b8177dbb0bbe,f0d538d10bda4e34,speech_start,rosa_osth_7ce2e5,
prot-198889--44,i-e28e715df4a29dda,,metadata,,
prot-198889--44,i-7ba1623d89058f4e,,note,,
prot-198889--44,i-9460db2f1b1bf0b1,,metadata,,
prot-198889--44,i-f139959c57b87ec8,,metadata,,
prot-198889--44,i-d73699675b415846,,note,,
prot-198889--44,i-19f1c9809797bae7,,metadata,,
prot-198889--44,i-f07e941e32a8c04a,,note,,
prot-198889--44,i-08b31a67c160d3c4,,note,,
prot-198889--44,i-9eed1162bd111f50,f0d538d10bda4e34,speech_start,margo_ingvardsson_120c7a,
prot-198889--44,i-08cb08e15d7cdb28,,note,,
prot-198889--44,i-cb2d055b762e1446,,metadata,,
prot-198889--44,i-2dc913afefcfd634,,metadata,,
prot-198889--44,i-fd413a9451d72d7f,,note,,
prot-198889--44,i-53ac07cab9c7fc61,,metadata,,
prot-198889--44,i-186eb15759242b56,,note,,
prot-198889--44,i-9884c36bc4e22464,f0d538d10bda4e34,speech_start,bo_holmberg_66a71d,
prot-198889--44,i-7de3bfddd102467e,,note,,
prot-198889--44,i-1b02c5a0bd18a2b4,f0d538d10bda4e34,speech_start,barbro_westerholm_a38781,
prot-198889--44,i-ea6fc5c90ff6b9b9,,metadata,,
prot-198889--44,i-41947bf3e219104e,,note,,
prot-198889--44,i-40fb60cafd1ac06d,,metadata,,
prot-198889--44,i-82b7eb8063e1934f,,metadata,,
prot-198889--44,i-d05b8304d247810b,,metadata,,
prot-198889--44,i-9ac5e645a5d5f44c,,note,,
prot-198889--44,i-34d0ba4235400455,,metadata,,
prot-198889--44,i-69ffe036a485f163,bcf6e410cc8eb79a,speech_start,,
prot-198889--44,i-be515894ab11493b,f0d538d10bda4e34,speech_start,margo_ingvardsson_120c7a,
prot-198889--44,i-f4cc27e551bcc5d2,f0d538d10bda4e34,speech_start,rosa_osth_7ce2e5,
prot-198889--44,i-7e8f56416a6f9227,,note,,
prot-198889--44,i-ba2a8feec2179f76,f0d538d10bda4e34,speech_start,sten_svensson_2c68c6,
prot-198889--44,i-b5582bcbcff617b4,f0d538d10bda4e34,speech_start,bo_holmberg_66a71d,
prot-198889--44,i-973c3ab570520c2d,,metadata,,
prot-198889--44,i-672199d561298ab3,,metadata,,
prot-198889--44,i-dfab2a37b589c867,,note,,
prot-198889--44,i-e2ff347e90f088e9,,metadata,,
prot-198889--44,i-5a62c4a646620f4a,f0d538d10bda4e34,speech_start,anita_stenberg_33e9bc,
prot-198889--44,i-2f56c8cbfae9b8e3,f0d538d10bda4e34,speech_start,sten_svensson_2c68c6,
prot-198889--44,i-89040ed194e0b6e0,f0d538d10bda4e34,speech_start,rosa_osth_7ce2e5,
prot-198889--44,i-85bced19df4c22df,f0d538d10bda4e34,speech_start,margo_ingvardsson_120c7a,
prot-198889--44,i-37ce7796e9373762,,metadata,,
prot-198889--44,i-d3808bb53d39e17a,,metadata,,
prot-198889--44,i-3f7249927e38cd3b,,note,,
prot-198889--44,i-d7992933d460deff,,metadata,,
prot-198889--44,i-87443fd09f7a154a,,metadata,,
prot-198889--44,i-5185a67cefb4c17e,,metadata,,
prot-198889--44,i-024cbb842ceaf793,,note,,
prot-198889--44,i-41e31cf4de815301,,metadata,,
prot-198889--44,i-b5e3d28e89b402f0,f0d538d10bda4e34,speech_start,barbro_westerholm_a38781,
prot-198889--44,i-3b7a7fe25a73e94d,f0d538d10bda4e34,speech_start,bo_holmberg_66a71d,
prot-198889--44,i-330b494c799d73e8,,note,,
prot-198889--44,i-435fd4805c4dc1de,f0d538d10bda4e34,speech_start,rosa_osth_7ce2e5,
prot-198889--44,i-f7c16a8e05ca6455,,metadata,,
prot-198889--44,i-6b311cda1a9fb35f,,note,,
prot-198889--44,i-f6808d2bed8634dc,,note,,
prot-198889--44,i-4ff1cff42220ab2d,,metadata,,
prot-198889--44,i-e41541e276a161dc,f0d538d10bda4e34,speech_start,daniel_tarschys_aefbcf,
prot-198889--44,i-5d16f190002d7116,,metadata,,
prot-198889--44,i-42b6ee0004835b4e,,metadata,,
prot-198889--44,i-edab19ac5ffc3053,,metadata,,
prot-198889--44,i-7f70075bae467300,,metadata,,
prot-198889--44,i-e2f2045a1a922544,,metadata,,
prot-198889--44,i-81bddfd73b76696d,,metadata,,
prot-198889--44,i-e395be2cbcb8615d,,metadata,,
prot-198889--44,i-5c1fcce6f4cd2331,,metadata,,
prot-198889--44,i-938723071f40ffa0,,metadata,,
prot-198889--44,i-c926e203d2df06c3,f0d538d10bda4e34,speech_start,sten_svensson_2c68c6,
prot-198889--44,i-26fcbedbb034a102,,note,,
prot-198889--44,i-1c4fe1a5ea7ee440,,metadata,,
prot-198889--44,i-8aba81aae307dcaa,,metadata,,
prot-198889--44,i-858c44c9ea417d7f,,metadata,,
prot-198889--44,i-80a1415300358327,,metadata,,
prot-198889--44,i-c3179fbd98acf2fc,,metadata,,
prot-198889--44,i-bdf51cad71e64fd1,,metadata,,
prot-198889--44,i-156ce803d6c2a5ca,,note,,
prot-198889--44,i-8eb4a4f37d752e5e,,metadata,,
prot-198889--44,i-357b1d931a59a869,f0d538d10bda4e34,speech_start,ulla_tillander_47cb68,
prot-198889--44,i-dc9e25fb0b985c93,,metadata,,
prot-198889--44,i-d3cb42177de42990,,metadata,,
prot-198889--44,i-365d0ed8095b6a65,,metadata,,
prot-198889--44,i-bd246953f3059a0c,,metadata,,
prot-198889--44,i-f054d8c0e5726a57,,metadata,,
prot-198889--44,i-77e6ef92d635881d,,metadata,,
prot-198889--44,i-01ef30cdcb6f2578,,metadata,,
prot-198889--44,i-46b93c98ed2087d4,,metadata,,
prot-198889--44,i-44d1f57aec8fd47d,,metadata,,
prot-198889--44,i-d7663652f95a78e1,,note,,
prot-198889--44,i-79e2f7fa571b1dbf,f0d538d10bda4e34,speech_start,margo_ingvardsson_120c7a,
prot-198889--44,i-2972df3f062c9595,,note,,
prot-198889--44,i-f437979c8aa833d0,,metadata,,
prot-198889--44,i-10aeacd011fe477b,,metadata,,
prot-198889--44,i-21cae04500eedce3,,metadata,,
prot-198889--44,i-8e62cf681a097c27,,metadata,,
prot-198889--44,i-70334c00874e9cd8,,note,,
prot-198889--44,i-fe42a89f537b7f84,,metadata,,
prot-198889--44,i-2a98cec1dc9177ed,,note,,
prot-198889--44,i-d2f2e162cdb77c72,f0d538d10bda4e34,speech_start,marianne_samuelsson_bfb65a,
prot-198889--44,i-81856d3112b5df8e,,metadata,,
prot-198889--44,i-7d16b34ea68752b1,,metadata,,
prot-198889--44,i-7b28c9f9e181bb87,,metadata,,
prot-198889--44,i-2877fd426808b037,,metadata,,
prot-198889--44,i-42ec32864fefeb40,,metadata,,
prot-198889--44,i-a29b4cbace29ea99,d84fc8cb7cb8f0d1,speech_start,daniel_tarschys_aefbcf,
prot-198889--44,i-db216c588e526656,d84fc8cb7cb8f0d1,speech_start,marianne_samuelsson_bfb65a,
prot-198889--44,i-c99f2fa5b69ca213,,note,,
prot-198889--44,i-7763d0426f82019b,,metadata,,
prot-198889--44,i-d2712757104974ad,,metadata,,
prot-198889--44,i-6780659a264525b4,,metadata,,
prot-198889--44,i-add14e6e1cc6081a,,metadata,,
prot-198889--44,i-41ee33b8ca6b6805,d84fc8cb7cb8f0d1,speech_start,daniel_tarschys_aefbcf,
prot-198889--44,i-b6f2b7b7e5d7bf6c,d84fc8cb7cb8f0d1,speech_start,marianne_samuelsson_bfb65a,
prot-198889--44,i-b65db52738439131,f0d538d10bda4e34,speech_start,aina_westin_229f4a,
prot-198889--44,i-81c00c533fe2505f,,note,,
prot-198889--44,i-558e6e6a248c2594,,metadata,,
prot-198889--44,i-cd9e33dd90e6112d,,metadata,,
prot-198889--44,i-ee24c16dcc3e4270,,metadata,,
prot-198889--44,i-adb7ff7aa0a71653,,metadata,,
prot-198889--44,i-8749e1c937b35887,,metadata,,
prot-198889--44,i-26bbdb2df0e3b600,,metadata,,
prot-198889--44,i-04881198df23b7d2,,metadata,,
prot-198889--44,i-e09dafdc35184dcd,,metadata,,
prot-198889--44,i-4a37cc3a70c2e0d9,,metadata,,
prot-198889--44,i-47deddc6cfec12ab,,metadata,,
prot-198889--44,i-d580b41525146100,,metadata,,
prot-198889--44,i-fc407610ae2ef44b,,note,,
prot-198889--44,i-2ae907c4f9602806,d84fc8cb7cb8f0d1,speech_start,daniel_tarschys_aefbcf,
prot-198889--44,i-e0af1d8caa07258a,,note,,
prot-198889--44,i-f41be0e86042d891,,metadata,,
prot-198889--44,i-be017d79b8109685,d84fc8cb7cb8f0d1,speech_start,margo_ingvardsson_120c7a,
prot-198889--44,i-e812a5761ccf8a12,,metadata,,
prot-198889--44,i-901d958c76c13cbf,,metadata,,
prot-198889--44,i-0f9165494c947f5d,,metadata,,
prot-198889--44,i-d3f3779e6c7bef97,,metadata,,
prot-198889--44,i-8c2a9e0f7429ad57,d84fc8cb7cb8f0d1,speech_start,sten_svensson_2c68c6,
prot-198889--44,i-642916e1dee01bcc,d84fc8cb7cb8f0d1,speech_start,ulla_tillander_47cb68,
prot-198889--44,i-4293e2a904862a32,,metadata,,
prot-198889--44,i-ae1f2f3758b2671c,d84fc8cb7cb8f0d1,speech_start,marianne_samuelsson_bfb65a,
prot-198889--44,i-896dc1a67b44a26f,,metadata,,
prot-198889--44,i-79a3673c4750f1b3,,metadata,,
prot-198889--44,i-945c254411270245,,metadata,,
prot-198889--44,i-e544b7e542befb32,,metadata,,
prot-198889--44,i-687ffd3df8ca2d5e,,metadata,,
prot-198889--44,i-d2bc77e23466bc80,d84fc8cb7cb8f0d1,speech_start,aina_westin_229f4a,
prot-198889--44,i-ee0ebface385500c,d84fc8cb7cb8f0d1,speech_start,daniel_tarschys_aefbcf,
prot-198889--44,i-15f56041f38e331e,,metadata,,
prot-198889--44,i-7441686e211728bc,d84fc8cb7cb8f0d1,speech_start,margo_ingvardsson_120c7a,
prot-198889--44,i-4c47eaecc83e50b4,d84fc8cb7cb8f0d1,speech_start,ulla_tillander_47cb68,
prot-198889--44,i-9bf255be65c8a7b3,,metadata,,
prot-198889--44,i-4f76cdb12e56f15b,,metadata,,
prot-198889--44,i-a3a516a72f477858,,metadata,,
prot-198889--44,i-c777b86c438fa025,,metadata,,
prot-198889--44,i-2b654ebe288f69da,d84fc8cb7cb8f0d1,speech_start,marianne_samuelsson_bfb65a,
prot-198889--44,i-f631d83fdfc8ea06,d84fc8cb7cb8f0d1,speech_start,aina_westin_229f4a,
prot-198889--44,i-746cb9a042db3722,,note,,
prot-198889--44,i-4f1628970d793f35,,note,,
prot-198889--44,i-478a3477bdeb8233,,metadata,,
prot-198889--44,i-a7ff79c5a2e4d8d1,,metadata,,
prot-198889--44,i-8f4cc73af240ab98,,metadata,,
prot-198889--44,i-1b7805c77bba416c,,metadata,,
prot-198889--44,i-78f543a28838a9a4,,metadata,,
prot-198889--44,i-6f18f259eb8bfd8d,,metadata,,
prot-198889--44,i-17f3454a1059808a,d84fc8cb7cb8f0d1,speech_start,margo_ingvardsson_120c7a,
prot-198889--44,i-4551ba3a462272cd,,metadata,,
prot-198889--44,i-aaebf042ed6a0d0e,d84fc8cb7cb8f0d1,speech_start,sten_svensson_2c68c6,
prot-198889--44,i-09ab67209e58d213,d84fc8cb7cb8f0d1,speech_start,daniel_tarschys_aefbcf,
prot-198889--44,i-76bc307f034f19e0,,metadata,,
prot-198889--44,i-c258acf638b4eb77,,metadata,,
prot-198889--44,i-5ad55a8bfcfdc686,,metadata,,
prot-198889--44,i-72fc1f811213a284,,metadata,,
prot-198889--44,i-a9dcd99bf56ddfb2,d84fc8cb7cb8f0d1,speech_start,ulla_tillander_47cb68,
prot-198889--44,i-7e8db7589d7fef99,d84fc8cb7cb8f0d1,speech_start,marianne_samuelsson_bfb65a,
prot-198889--44,i-0401e22e28c147cf,,note,,
prot-198889--44,i-b6c591a4dcbd991d,,note,,
prot-198889--44,i-9453dbd76420cd33,,metadata,,
prot-198889--44,i-414dbd3645c8d69e,,metadata,,
prot-198889--44,i-4a3c9f285624ce77,,metadata,,
prot-198889--44,i-88a779855ec6d26a,,metadata,,
prot-198889--44,i-0d92b89eb8225b4b,,metadata,,
prot-198889--44,i-1d966867ed73324b,,metadata,,
prot-198889--44,i-22177ff491155be4,,metadata,,
prot-198889--44,i-f441b1ff72ed9f66,d84fc8cb7cb8f0d1,speech_start,margo_ingvardsson_120c7a,
prot-198889--44,i-e636d4bd957e3c10,d84fc8cb7cb8f0d1,speech_start,sten_svensson_2c68c6,
prot-198889--44,i-7c98c73b127ec3a7,d84fc8cb7cb8f0d1,speech_start,daniel_tarschys_aefbcf,
prot-198889--44,i-531ed652610ab239,d84fc8cb7cb8f0d1,speech_start,ulla_tillander_47cb68,
prot-198889--44,i-ce38158172510ba1,,note,,
prot-198889--44,i-74dc4a5667c3d534,,metadata,,
prot-198889--44,i-de393743ce6875ef,,metadata,,
prot-198889--44,i-e3527121471aa057,,metadata,,
prot-198889--44,i-0e4473378f425711,,metadata,,
prot-198889--44,i-b732cbaf82f83eb6,,metadata,,
prot-198889--44,i-24f1054e8750ab1c,,metadata,,
prot-198889--44,i-f7ca163f37ff08c6,,note,,
prot-198889--44,i-7fe0fbc22c25c433,bcf6e410cc8eb79a,speech_start,,
prot-198889--44,i-8f8c56cdf6938fa0,f0d538d10bda4e34,speech_start,gudrun_schyman_d93bc8,
prot-198889--44,i-bbea3a124458839a,,metadata,,
prot-198889--44,i-a51d991ea5d3ab1e,f0d538d10bda4e34,speech_start,lena_bostrom_c7149b,
prot-198889--44,i-01d888a2315fee16,,metadata,,
prot-198889--44,i-bcc7b0391f42f08c,,metadata,,
prot-198889--44,i-5d83157c6ffb4788,,metadata,,
prot-198889--44,i-116064ea80f66352,,metadata,,
prot-198889--44,i-7cf5d5b62343cbd5,,metadata,,
prot-198889--44,i-7624d947c02ac124,f0d538d10bda4e34,speech_start,ragnhild_pohanka_411b51,
prot-198889--44,i-995eba847f52ca2b,,metadata,,
prot-198889--44,i-28d03703cd46627f,,metadata,,
prot-198889--44,i-bbac38dc7dbaf48c,,metadata,,
prot-198889--44,i-775b40763189f47a,,metadata,,
prot-198889--44,i-3ea6b6690ebf20a8,,metadata,,
prot-198889--44,i-ed52d3dccb1d4a54,f0d538d10bda4e34,speech_start,anita_stenberg_33e9bc,
prot-198889--44,i-118ed519ed780724,d84fc8cb7cb8f0d1,speech_start,daniel_tarschys_aefbcf,
prot-198889--44,i-0f47a3d64cc86747,,metadata,,
prot-198889--44,i-ae7ce34125a8ccc6,,metadata,,
prot-198889--44,i-45ae63a9216d065f,,metadata,,
prot-198889--44,i-aa03dc583773fc08,,metadata,,
prot-198889--44,i-6f5f2955c1fdcf7b,d84fc8cb7cb8f0d1,speech_start,anita_stenberg_33e9bc,
prot-198889--44,i-9db7e556b2fc35ec,d84fc8cb7cb8f0d1,speech_start,daniel_tarschys_aefbcf,
prot-198889--44,i-ffb46b15cb7f5eb5,,note,,
prot-198889--44,i-8fa781b57105ec09,,metadata,,
prot-198889--44,i-37275103e56d8c32,d84fc8cb7cb8f0d1,speech_start,anita_stenberg_33e9bc,
prot-198889--44,i-05b6d8060555bc25,f0d538d10bda4e34,speech_start,aina_westin_229f4a,
prot-198889--44,i-bee733867f28f495,f0d538d10bda4e34,speech_start,gudrun_schyman_d93bc8,
prot-198889--44,i-d9eee35adc6b14ec,,metadata,,
prot-198889--44,i-f745186d0e2d828e,,metadata,,
prot-198889--44,i-66c3b41e01dc6e38,,metadata,,
prot-198889--44,i-5207cc7f8e808197,,note,,
prot-198889--44,i-9ba981614b8a9d8f,,note,,
prot-198889--44,i-1508e100c1950aa4,,note,,
prot-198889--44,i-ff319078d89ea8f6,,note,,
prot-198889--44,i-77efdc339342e097,,note,,
prot-198889--44,i-b0bf3b4b37f8a841,,metadata,,
prot-198889--44,i-eeda2bb2129e0d4a,,note,,
prot-198889--44,i-6ca4622f1c98410e,,metadata,,
prot-198889--44,i-8ecf5b192e4932a0,,note,,
prot-198889--44,i-ae5658b101ce16d2,,note,,
prot-198889--44,i-ca292639cdebdb41,,note,,
prot-198889--44,i-84eb2ea53390df2e,,note,,
prot-198889--44,i-325c226c7b6cf349,,note,,
prot-198889--44,i-eaca5b8d1423c686,,note,,
prot-198889--44,i-2ad71434f18fc64e,,note,,
prot-198889--44,i-de5744aae65bd7f2,,note,,
prot-198889--44,i-9a18d29ffbc63f8c,,note,,
prot-198889--44,i-e2e5c57c4386445d,,note,,
prot-198889--44,i-57b462d9fe21d9e6,,note,,
prot-198889--44,i-de04fa35a5bd61f2,,metadata,,
prot-198889--44,i-46d5cd88c04d21d4,,note,,
prot-198889--44,i-9e1c5a7782084d2d,,metadata,,
prot-198889--44,i-4d1c85ec9572301e,,metadata,,
prot-198889--44,i-86e830a3b36db8a8,,metadata,,
prot-198889--44,i-f7a5536d49cd57d4,,metadata,,
prot-198889--44,i-61785adf4ece3a0c,,metadata,,
prot-198889--44,i-0a4a53af935b9411,,metadata,,
prot-198889--44,i-ef1dc0c0a5ace374,,note,,
prot-198889--44,i-54ae473bfb55ae64,,note,,
prot-198889--44,i-19b773d084e69451,,note,,
prot-198889--44,i-1e519d98663a4080,,note,,
prot-198889--44,i-1f82f2faa5a18750,,note,,
prot-198889--44,i-f9953f708bcd0ce4,,note,,
prot-198889--44,i-fafd22a1edc2d558,,note,,
prot-198889--44,i-75ff141374185a04,,note,,
prot-198889--44,i-88b313351c11c371,,note,,
prot-198889--44,i-d09bbd8c6b3ae60b,,note,,
prot-198889--44,i-543e7c9ce9f46132,,note,,
prot-198889--44,i-344d8da65c3e1529,,note,,
prot-198889--44,i-a948df6829ad828c,,note,,
prot-198889--44,i-bdfa4d111cf69a34,,note,,
prot-198889--44,i-b887e16d966ec40d,,note,,
prot-198889--44,i-d0eea4f1f90c651a,,note,,
prot-198889--44,i-45f0096bb2b27e34,,note,,
prot-198889--44,i-3ec6a47ea30f782d,,note,,
prot-198889--44,i-7496a453761124d4,,note,,
prot-198889--44,i-3c11ad08558f6557,,note,,
prot-198889--44,i-5699b41df23fa9f5,,metadata,,
prot-198889--44,i-8bcb751ca4e9802a,,note,,
prot-198889--44,i-d5dec07cabbb038d,,note,,
prot-198889--44,i-07be0e567a9f8943,,note,,
prot-198889--44,i-03be9064c13ec027,,note,,
prot-198889--44,i-d952a424de1ac106,,note,,
prot-198889--44,i-b1b8bdf724bf0d22,f0d538d10bda4e34,speech_start,karl_erik_olsson_4c77be,
prot-198889--44,i-1d0027106d5ccee9,,metadata,,
prot-198889--44,i-f575081b309ecdd0,,metadata,,
prot-198889--44,i-3a91ce712eb5d56a,,metadata,,
prot-198889--44,i-2a9352decbb4bf98,,metadata,,
prot-198889--44,i-23432351d0d8d353,,metadata,,
prot-198889--44,i-889ce3829fd940ff,,metadata,,
prot-198889--44,i-941339bbdfac51af,,metadata,,
prot-198889--44,i-f5cbc82bbd7b61e2,,metadata,,
prot-198889--44,i-dbe713537bbf7dc9,,metadata,,
prot-198889--44,i-760379ec151015a4,,note,,
prot-198889--44,i-c311b6cadbaf79f4,,metadata,,
prot-198889--44,i-7a95b0d218e57e63,f0d538d10bda4e34,speech_start,ingvar_eriksson_f36059,
prot-198889--44,i-a87b5d918b93f9ec,,note,,
prot-198889--44,i-9697d2d22c67fa4a,,metadata,,
prot-198889--44,i-174a945d2b4c566b,,note,,
prot-198889--44,i-26378edbcc0a4dc3,d84fc8cb7cb8f0d1,speech_start,karl_erik_olsson_4c77be,
prot-198889--44,i-23b1af3a5a04137f,,metadata,,
prot-198889--44,i-bd706dc8d1045513,,note,,
prot-198889--44,i-b23c7eecbe065653,,metadata,,
prot-198889--44,i-56052003eefd2870,,metadata,,
prot-198889--44,i-c69ced6530ff7659,,metadata,,
prot-198889--44,i-1a03dff735f61bdb,,note,,
prot-198889--44,i-4efbd82efc884ade,d84fc8cb7cb8f0d1,speech_start,karl_erik_olsson_4c77be,
prot-198889--44,i-4a22fb101493ccf9,d84fc8cb7cb8f0d1,speech_start,ingvar_eriksson_f36059,
prot-198889--44,i-e08d0c9f9e8e839a,,metadata,,
prot-198889--44,i-4140aaa1006a67fa,,metadata,,
prot-198889--44,i-f85f58d905df99e6,,note,,
prot-198889--44,i-3888e48a4ec78310,d84fc8cb7cb8f0d1,speech_start,karl_erik_olsson_4c77be,
prot-198889--44,i-5f57b5ccd6bde1b9,,note,,
prot-198889--44,i-b9a13935c2c53417,d84fc8cb7cb8f0d1,speech_start,karl_erik_olsson_4c77be,
prot-198889--44,i-9d6113c3bad95646,,note,,
prot-198889--44,i-cd9a098dfdc6ec60,,metadata,,
prot-198889--44,i-7a945b1dbcdc1ad0,,metadata,,
prot-198889--44,i-d93115121eaecca5,,metadata,,
prot-198889--44,i-c9ea5219b23dd01e,f0d538d10bda4e34,speech_start,hakan_holmberg_5dbe44,
prot-198889--44,i-97c098bdbc473f81,,metadata,,
prot-198889--44,i-692948e894664a5f,,metadata,,
prot-198889--44,i-61dfc176d7f1de7a,,metadata,,
prot-198889--44,i-fbe76dd54c047ddc,f0d538d10bda4e34,speech_start,annika_ahnberg_4fc394,
prot-198889--44,i-556ac8f8c5e7e174,,note,,
prot-198889--44,i-4b1e03b182dc69a8,,metadata,,
prot-198889--44,i-a5b80560a04be0b7,,metadata,,
prot-198889--44,i-ba09af05e5667b3a,,metadata,,
prot-198889--44,i-fec6ced5c2b7d404,,metadata,,
prot-198889--44,i-5fe924cb1f510726,,metadata,,
prot-198889--44,i-85897049e26d5957,,metadata,,
prot-198889--44,i-c664ddfe1e22906c,,metadata,,
prot-198889--44,i-aab380567fa79ed5,f0d538d10bda4e34,speech_start,,
prot-198889--44,i-2193e64510e7ddea,,metadata,,
prot-198889--44,i-f4503a2ad6ce2bc9,,metadata,,
prot-198889--44,i-115367a4b76df9fc,,metadata,,
prot-198889--44,i-4c968ee75a2b52b0,,metadata,,
prot-198889--44,i-bb1e9ea24549b9f5,,metadata,,
prot-198889--44,i-003084e31997c2ba,,metadata,,
prot-198889--44,i-22faf70fb63b6b63,,metadata,,
prot-198889--44,i-9ba44f30be251b85,,metadata,,
prot-198889--44,i-63817fdaf1a445e0,,metadata,,
prot-198889--44,i-bb02e10c2c6d8c75,,metadata,,
prot-198889--44,i-daa4458c3769970c,,metadata,,
prot-198889--44,i-0d1ce93944ccf59a,,metadata,,
prot-198889--44,i-28e22962829be209,,note,,
prot-198889--44,i-c0e7265f75ff07f4,,metadata,,
prot-198889--44,i-d2a1b77110012313,,note,,
prot-198889--44,i-d7fbac369ebb49fc,,metadata,,
prot-198889--44,i-feb7fcf4138eceb4,,metadata,,
prot-198889--44,i-f97f6f0639d9654a,,note,,
prot-198889--44,i-90a1c9783c5fdfd9,,note,,
prot-198889--44,i-c1e2a1b836743267,,note,,
prot-198889--44,i-ee0f76f17e1ce947,,metadata,,
prot-198889--44,i-518f44d2787df49e,,metadata,,
prot-198889--44,i-bf569370066ad5ad,d84fc8cb7cb8f0d1,speech_start,ingvar_eriksson_f36059,
prot-198889--44,i-8b7cd35731ea5e92,d84fc8cb7cb8f0d1,speech_start,hakan_holmberg_5dbe44,
prot-198889--44,i-0a8fd6bd506b99ce,d84fc8cb7cb8f0d1,speech_start,,
prot-198889--44,i-01e9dd47d012024f,,note,,
prot-198889--44,i-ed18e1b2ef92faf5,,metadata,,
prot-198889--44,i-1c47cd469baf4450,,metadata,,
prot-198889--44,i-8187f6bdea2e0a05,,metadata,,
prot-198889--44,i-383bf3b3830607e0,d84fc8cb7cb8f0d1,speech_start,ingvar_eriksson_f36059,
prot-198889--44,i-f51d1b9d4110aca9,d84fc8cb7cb8f0d1,speech_start,hakan_holmberg_5dbe44,
prot-198889--44,i-499117b1b102585b,,note,,
prot-198889--44,i-5b1d6d7a0d6770d0,,metadata,,
prot-198889--44,i-5e540fdef989ec57,d84fc8cb7cb8f0d1,speech_start,,
prot-198889--44,i-119624558dc770ee,,note,,
prot-198889--44,i-4d5240e64604e193,f0d538d10bda4e34,speech_start,grethe_lundblad_4389b6,
prot-198889--44,i-c4b8b4a9fc4e6382,,metadata,,
prot-198889--44,i-fade42f1ce9d46f0,,metadata,,
prot-198889--44,i-f9a765a372c14d5f,,note,,
prot-198889--44,i-7641f2915cd50559,,metadata,,
prot-198889--44,i-00c24fdc5ece28cb,,metadata,,
prot-198889--44,i-9288030c1a0251f8,,metadata,,
prot-198889--44,i-22704cf2541321d1,,metadata,,
prot-198889--44,i-a127e589421f33e6,,metadata,,
prot-198889--44,i-004a7be05893fec3,,note,,
prot-198889--44,i-424ff76589d6a341,,metadata,,
prot-198889--44,i-bb59b11f0acb2cd5,,metadata,,
prot-198889--44,i-f48cc66e9815e7de,,note,,
prot-198889--44,i-35a2a9233ca66e1b,d84fc8cb7cb8f0d1,speech_start,karl_erik_olsson_4c77be,
prot-198889--44,i-bd0687a3244096af,d84fc8cb7cb8f0d1,speech_start,hakan_holmberg_5dbe44,
prot-198889--44,i-1943312cfdf32f73,,metadata,,
prot-198889--44,i-e825bbb9c3444740,,metadata,,
prot-198889--44,i-d5a9dfb607e4ff32,,metadata,,
prot-198889--44,i-9198758780d25c45,d84fc8cb7cb8f0d1,speech_start,annika_ahnberg_4fc394,
prot-198889--44,i-7b5e4b93780e1ca6,d84fc8cb7cb8f0d1,speech_start,,
prot-198889--44,i-5bd82bd28026cd94,d84fc8cb7cb8f0d1,speech_start,ingvar_eriksson_f36059,
prot-198889--44,i-1d67d9809143bd40,,metadata,,
prot-198889--44,i-b1a9ffbb79dd69e2,,metadata,,
prot-198889--44,i-fff7656603f9a38a,,metadata,,
prot-198889--44,i-348b246644cab6e9,,metadata,,
prot-198889--44,i-624bbd97cf066bf1,,metadata,,
prot-198889--44,i-3f5ae0d6865d5d29,d84fc8cb7cb8f0d1,speech_start,grethe_lundblad_4389b6,
prot-198889--44,i-c500b8df97c0582f,,note,,
prot-198889--44,i-24969ce5fdd5cd1e,,metadata,,
prot-198889--44,i-05694d0b967f31e9,,metadata,,
prot-198889--44,i-fc24604d7e623e27,,note,,
prot-198889--44,i-3896596cec17c71e,d84fc8cb7cb8f0d1,speech_start,karl_erik_olsson_4c77be,
prot-198889--44,i-78e1f85c453f7cdd,,metadata,,
prot-198889--44,i-6c40208a4a85d218,,metadata,,
prot-198889--44,i-4a7ad48ae1d46336,,metadata,,
prot-198889--44,i-1e728a1c91c62215,,metadata,,
prot-198889--44,i-5cdb99b4c4919a88,d84fc8cb7cb8f0d1,speech_start,annika_ahnberg_4fc394,
prot-198889--44,i-3c58f92587e7ac7f,d84fc8cb7cb8f0d1,speech_start,hakan_holmberg_5dbe44,
prot-198889--44,i-a662578a80a872ab,d84fc8cb7cb8f0d1,speech_start,asa_domeij_295ac5,
prot-198889--44,i-762295b174d08c05,d84fc8cb7cb8f0d1,speech_start,ingvar_eriksson_f36059,
prot-198889--44,i-01e3b9bd8ff818c3,,metadata,,
prot-198889--44,i-91392d6e1115743d,,metadata,,
prot-198889--44,i-3ed3926fa5ee314e,,metadata,,
prot-198889--44,i-aa39d597792b2a0c,d84fc8cb7cb8f0d1,speech_start,grethe_lundblad_4389b6,
prot-198889--44,i-8b018c9aecb69cb3,,note,,
prot-198889--44,i-db423b727ac1c2da,,note,,
prot-198889--44,i-400cb6f8f6c210e3,,metadata,,
prot-198889--44,i-f2d25cefa065cce7,,metadata,,
prot-198889--44,i-af8f09553baa97aa,d84fc8cb7cb8f0d1,speech_start,karl_erik_olsson_4c77be,
prot-198889--44,i-8b06f511ff423d21,,metadata,,
prot-198889--44,i-d4b04c55004310b0,,metadata,,
prot-198889--44,i-0b764e0681a972cc,,metadata,,
prot-198889--44,i-dce6c357e92d11bd,d84fc8cb7cb8f0d1,speech_start,annika_ahnberg_4fc394,
prot-198889--44,i-82a842d80a7a7040,d84fc8cb7cb8f0d1,speech_start,hakan_holmberg_5dbe44,
prot-198889--44,i-43bccd0cf7a2e498,d84fc8cb7cb8f0d1,speech_start,asa_domeij_295ac5,
prot-198889--44,i-12f1ce6392795b3b,,metadata,,
prot-198889--44,i-657e15516e8617f2,,metadata,,
prot-198889--44,i-d1b592342f12c3a0,d84fc8cb7cb8f0d1,speech_start,ingvar_eriksson_f36059,
prot-198889--44,i-a17128bb62d73ed3,,note,,
prot-198889--44,i-d4086acf54d5687d,,metadata,,
prot-198889--44,i-40d60818b9ab9821,,metadata,,
prot-198889--44,i-05d4b598aea9958b,d84fc8cb7cb8f0d1,speech_start,annika_ahnberg_4fc394,
prot-198889--44,i-f51c86dee05d7db5,d84fc8cb7cb8f0d1,speech_start,karl_erik_olsson_4c77be,
prot-198889--44,i-676387e5c688783e,d84fc8cb7cb8f0d1,speech_start,ingvar_eriksson_f36059,
prot-198889--44,i-174a7227a56ed079,d84fc8cb7cb8f0d1,speech_start,hakan_holmberg_5dbe44,
prot-198889--44,i-8a4d9ddb3169a903,,metadata,,
prot-198889--44,i-627855f7e9754e54,,metadata,,
prot-198889--44,i-5c1b3c57eef8f5bf,,metadata,,
prot-198889--44,i-a44cd65ee0c9a353,,metadata,,
prot-198889--44,i-0db4a653869b389a,d84fc8cb7cb8f0d1,speech_start,,
prot-198889--44,i-2d2490f04138b362,,note,,
prot-198889--44,i-eee3fffc3f80ae2a,,note,,
prot-198889--44,i-8c4b385277c46ceb,f0d538d10bda4e34,speech_start,roy_ottosson_0d025c,
prot-198889--44,i-fc055bf4c68c1f32,,metadata,,
prot-198889--44,i-6af51febd62aec5b,,metadata,,
prot-198889--44,i-8ac8c20380642f2e,,metadata,,
prot-198889--44,i-3767a65db8d1e1ec,d84fc8cb7cb8f0d1,speech_start,ingvar_eriksson_f36059,
prot-198889--44,i-42a648f59bd98cfe,d84fc8cb7cb8f0d1,speech_start,annika_ahnberg_4fc394,
prot-198889--44,i-1cb0b703a21e4a7b,d84fc8cb7cb8f0d1,speech_start,roy_ottosson_0d025c,
prot-198889--44,i-132bfdc221662609,d84fc8cb7cb8f0d1,speech_start,ingvar_eriksson_f36059,
prot-198889--44,i-c6533ff365cdc53b,d84fc8cb7cb8f0d1,speech_start,roy_ottosson_0d025c,
prot-198889--44,i-4034218f16126136,,metadata,,
prot-198889--44,i-76f3e678810d0152,,metadata,,
prot-198889--44,i-87b960bb419fc45a,,metadata,,
prot-198889--44,i-d5672a79cdcb7612,,metadata,,
prot-198889--44,i-67dd92d6164334a0,f0d538d10bda4e34,speech_start,sven-olof_petersson_3120eb,
prot-198889--44,i-415fff795918e054,,note,,
prot-198889--44,i-8e185c81eecc3bc5,,metadata,,
prot-198889--44,i-e5930a8f020d78a8,f0d538d10bda4e34,speech_start,hans_leghammar_d839f4,
prot-198889--44,i-bf4c10df6b402e4a,,note,,
prot-198889--44,i-865c488256388bb1,,metadata,,
prot-198889--44,i-451d0704911c55b0,,metadata,,
prot-198889--44,i-f1303603dab7e657,f0d538d10bda4e34,speech_start,alexander_chrisopoulos_3bbfb8,
prot-198889--44,i-18f1ab602dfc306e,,metadata,,
prot-198889--44,i-b609eb785dfb0d0d,,metadata,,
prot-198889--44,i-02f33ded07c75cc1,,metadata,,
prot-198889--44,i-73db3d1c50a939ba,,metadata,,
prot-198889--44,i-e018259fdf3342c6,,metadata,,
prot-198889--44,i-22e67def6b3ea349,,note,,
prot-198889--44,i-7c9f115b33ffec9e,,metadata,,
prot-198889--44,i-e1a93567fc7fac04,f0d538d10bda4e34,speech_start,bengt_kindbom_31dc09,
prot-198889--44,i-5370502138f80331,f0d538d10bda4e34,speech_start,catarina_ronnung_cce85b,
prot-198889--44,i-d0d3ff692c57a790,,metadata,,
prot-198889--44,i-8ba12848d1aef193,,metadata,,
prot-198889--44,i-ba90121bf96d557c,,metadata,,
prot-198889--44,i-0ad842db34714cf1,,metadata,,
prot-198889--44,i-0078ab1937fecd5f,,note,,
prot-198889--44,i-aa8a4a0a2ec61aa6,,note,,
prot-198889--44,i-3779e52ba9c01518,,metadata,,
prot-198889--44,i-e5305d3228b68417,d84fc8cb7cb8f0d1,speech_start,bengt_kindbom_31dc09,
prot-198889--44,i-7978a06db5e66c04,d84fc8cb7cb8f0d1,speech_start,alexander_chrisopoulos_3bbfb8,
prot-198889--44,i-e0434f02f0d0ab98,,metadata,,
prot-198889--44,i-9b687b332fb2a61d,,metadata,,
prot-198889--44,i-abf44dd5746b364e,,metadata,,
prot-198889--44,i-915df5a2c2238c68,,metadata,,
prot-198889--44,i-66ecf3a44a6d6ac6,d84fc8cb7cb8f0d1,speech_start,catarina_ronnung_cce85b,
prot-198889--44,i-a15261d65cf23114,d84fc8cb7cb8f0d1,speech_start,alexander_chrisopoulos_3bbfb8,
prot-198889--44,i-7903a25397bd63e9,d84fc8cb7cb8f0d1,speech_start,catarina_ronnung_cce85b,
prot-198889--44,i-d0902c4a40323156,,note,,
prot-198889--44,i-3041a7236adc5ee1,f0d538d10bda4e34,speech_start,asa_domeij_295ac5,
prot-198889--44,i-81a3a571da77ec1d,,note,,
prot-198889--44,i-8f584b3b9206f0ec,,metadata,,
prot-198889--44,i-602992fc829597a2,,metadata,,
prot-198889--44,i-4633f60821087977,,metadata,,
prot-198889--44,i-73f0cc4da0c533bc,,metadata,,
prot-198889--44,i-524583adad2dd46d,,metadata,,
prot-198889--44,i-8675cb3eb51a3c6b,,metadata,,
prot-198889--44,i-0d00fc863094696f,,note,,
prot-198889--44,i-9ef3cd5c69bd4c72,,metadata,,
prot-198889--44,i-b5347a3a8b85058a,,note,,
prot-198889--44,i-1944013fcf1b0fbd,,metadata,,
prot-198889--44,i-8d2019bbb66426c6,,note,,
prot-198889--44,i-03a9b835c0928bd6,f0d538d10bda4e34,speech_start,karl-gosta_svenson_b1385a,
prot-198889--44,i-969c991dfeffb0f7,,note,,
prot-198889--44,i-5a8b83c1f62690a8,,note,,
prot-198889--44,i-57fc20eb328bc86d,f0d538d10bda4e34,speech_start,ingrid_hasselstrom_nyvall_739d8b,
prot-198889--44,i-3bec328c54100a71,,note,,
prot-198889--44,i-d998e9e34e11cedf,f0d538d10bda4e34,speech_start,,
prot-198889--44,i-48dc231c8fe4ac74,,metadata,,
prot-198889--44,i-e909abaaf8d14db1,,metadata,,
prot-198889--44,i-b41199792a6b7e65,,note,,
prot-198889--44,i-61dfe3e09782a80d,,metadata,,
prot-198889--44,i-cd45514166b0489d,f0d538d10bda4e34,speech_start,bruno_poromaa_61724a,
prot-198889--44,i-c3d7e86f7264ca24,,note,,
prot-198889--44,i-0450d9305080d651,d84fc8cb7cb8f0d1,speech_start,ingrid_hasselstrom_nyvall_739d8b,
prot-198889--44,i-4e311927ac664bf6,d84fc8cb7cb8f0d1,speech_start,karl-gosta_svenson_b1385a,
prot-198889--44,i-275a3e499da61360,,note,,
prot-198889--44,i-1bcf7a2920922579,d84fc8cb7cb8f0d1,speech_start,bruno_poromaa_61724a,
prot-198889--44,i-ea69dd229acf6525,,note,,
prot-198889--44,i-7187a398d5eefe50,d84fc8cb7cb8f0d1,speech_start,karl-gosta_svenson_b1385a,
prot-198889--44,i-ea29e1beb84ccfbb,f0d538d10bda4e34,speech_start,martin_olsson_180d9f,
prot-198889--44,i-f9a4d6527f720f09,,metadata,,
prot-198889--44,i-ce0e4e5e4208b6ef,,metadata,,
prot-198889--44,i-07cf0c580ca2a633,,note,,
prot-198889--44,i-6dd341b38d17aa29,,metadata,,
prot-198889--44,i-cd0466d71bd3210e,,note,,
prot-198889--44,i-a45dbd7c4d76898a,,note,,
prot-198889--44,i-edc116aa00b0b8c6,,note,,
prot-198889--44,i-46a818d4f9641de3,,note,,
prot-198889--44,i-5ff48b7342240c11,,note,,
prot-198889--44,i-174015c7c6eab6a7,,note,,
prot-198889--44,i-f0f71cc2795a805a,,note,,
prot-198889--44,i-23fd3509f1f3dab2,,note,,
prot-198889--44,i-9774ba0aa16027e3,,note,,
prot-198889--44,i-e59309152415e260,f0d538d10bda4e34,speech_start,allan_ekstrom_2045e9,
prot-198889--44,i-a5fabe67f4ef7c0d,,metadata,,
prot-198889--44,i-6286e59ab0bb4927,,metadata,,
prot-198889--44,i-a7fe5cec1e8697b0,,note,,
prot-198889--44,i-409f5b8efa7c1f37,,metadata,,
prot-198889--44,i-0114d620b581cc37,,metadata,,
prot-198889--44,i-c04e66d69bf766ab,,metadata,,
prot-198889--44,i-9b46bc600e76a111,,note,,
prot-198889--44,i-43f923b85a7fbf02,,metadata,,
prot-198889--44,i-937e647a148cf19f,f0d538d10bda4e34,speech_start,ulla_orring_6a8994,
prot-198889--44,i-a32d48d614822fa0,,metadata,,
prot-198889--44,i-02a599a3e88d89d6,,note,,
prot-198889--44,i-d5eb9a436c7f4847,,metadata,,
prot-198889--44,i-7178d3871af9ed92,,metadata,,
prot-198889--44,i-59ca1be6da256039,,metadata,,
prot-198889--44,i-86fde5c6f8274e17,,note,,
prot-198889--44,i-8842ed20fd507deb,,metadata,,
prot-198889--44,i-118a69162ef40b59,,note,,
prot-198889--44,i-b916a683c567e7b6,,note,,
prot-198889--44,i-2320e8f1b8538a05,,note,,
prot-198889--44,i-4145ca6c58835377,,note,,
prot-198889--44,i-efccdec2b1ecd62e,f0d538d10bda4e34,speech_start,martin_olsson_180d9f,
prot-198889--44,i-45324b2ab865fd46,,metadata,,
prot-198889--44,i-d2fa79806928aa58,,note,,
prot-198889--44,i-fc4aefc04a7b53ae,,metadata,,
prot-198889--44,i-ef494fb935ddd12b,,metadata,,
prot-198889--44,i-3e94b139e0b5aab1,,metadata,,
prot-198889--44,i-63b08801bd497142,,note,,
prot-198889--44,i-a8fcb0bc94d0d105,,metadata,,
prot-198889--44,i-75210bab7e1f8fc5,,note,,
prot-198889--44,i-3fed19112d0463b2,f0d538d10bda4e34,speech_start,elisabeth_persson_670b70,
prot-198889--44,i-7162f39e6a2198f6,,note,,
prot-198889--44,i-8895ff388caa7323,,note,,
prot-198889--44,i-95ea72c54a002de5,,metadata,,
prot-198889--44,i-af697f9c361c00b2,,note,,
prot-198889--44,i-d099b23fbc6db0e3,,metadata,,
prot-198889--44,i-a234075bf4936108,,metadata,,
prot-198889--44,i-372f50ecff132af9,,metadata,,
prot-198889--44,i-8d72ef31a8f8833e,,note,,
prot-198889--44,i-d7de424f8f1a5d7d,,metadata,,
prot-198889--44,i-12e6dc6ee1b357dd,f0d538d10bda4e34,speech_start,,
prot-198889--44,i-920f88a025daabc6,,note,,
prot-198889--44,i-e3b690461f30b0c9,,note,,
prot-198889--44,i-6a8b83129afe3c96,,note,,
prot-198889--44,i-c6bd410a5d728dde,,note,,
prot-198889--44,i-0860c9be26b9340f,,metadata,,
prot-198889--44,i-2f9011654c1bd71b,,note,,
prot-198889--44,i-6bec914518d4316b,,metadata,,
prot-198889--44,i-611ec36a63c88ba2,,metadata,,
prot-198889--44,i-c9ceb6ddea79cc50,,metadata,,
prot-198889--44,i-0dac3838ff9b0332,,metadata,,
prot-198889--44,i-eb749be4bd22fe3b,,note,,
prot-198889--44,i-81d817a53cf2dfe5,,note,,
prot-198889--44,i-0ed0230b592b1b0a,,metadata,,
prot-198889--44,i-0a5fadd3d3b7e40b,f0d538d10bda4e34,speech_start,charlotte_cederschiold_adca82,
prot-198889--44,i-6bf344abb1ddcb2f,,note,,
prot-198889--44,i-033c6366411e729c,,metadata,,
prot-198889--44,i-a00067dc02031d8d,,metadata,,
prot-198889--44,i-33ea29e36be485ce,,metadata,,
prot-198889--44,i-f85e705650db578f,,metadata,,
prot-198889--44,i-bb4f66bbb124eef9,,metadata,,
prot-198889--44,i-a1484f444c279d30,,metadata,,
prot-198889--44,i-1e4c7b274aa0de9e,,note,,
prot-198889--44,i-595d805370f70afd,f0d538d10bda4e34,speech_start,ulla_orring_6a8994,
prot-198889--44,i-0e05589bdacb9050,,metadata,,
prot-198889--44,i-c216fd11d77d3a1b,,metadata,,
prot-198889--44,i-3f5c0cef2cc20378,,metadata,,
prot-198889--44,i-983a04cc5d1a0256,,note,,
prot-198889--44,i-fac6bd83a9475a02,,metadata,,
prot-198889--44,i-5f46b9b4138b44ac,,note,,
prot-198889--44,i-26a6e322b49c0d36,,note,,
prot-198889--44,i-7b2cd536b2b872a1,,note,,
prot-198889--44,i-c0dbd8e4b8fd5bb1,f0d538d10bda4e34,speech_start,martin_olsson_180d9f,
prot-198889--44,i-76da1440138ce273,,metadata,,
prot-198889--44,i-e52961787aa3e826,,metadata,,
prot-198889--44,i-4ebcabf0dcab1d5a,,metadata,,
prot-198889--44,i-82a0149e4845781a,,metadata,,
prot-198889--44,i-ed9214be34b186ba,,metadata,,
prot-198889--44,i-ad42e4ba9782607c,,metadata,,
prot-198889--44,i-4974805315fe6484,,note,,
prot-198889--44,i-59ed4a45a8bd24ef,,note,,
prot-198889--44,i-b803c7c5db1b9359,,note,,
prot-198889--44,i-e573ca0ee8fcd89e,,metadata,,
prot-198889--44,i-eb76a848bd595a11,,metadata,,
prot-198889--44,i-f5cdc51badd386b1,,metadata,,
prot-198889--44,i-09c76a6222543ed5,,metadata,,
prot-198889--44,i-8aff4e10c9bd7da0,,metadata,,
prot-198889--44,i-074613a9c5606393,,metadata,,
prot-198889--44,i-cffe6311a88f1845,,metadata,,
prot-198889--44,i-fb7128525189f707,,note,,
prot-198889--44,i-886bdef45557450e,f0d538d10bda4e34,speech_start,inger_hestvik_623f26,
prot-198889--44,i-6ed6445659e09f27,,metadata,,
prot-198889--44,i-6193768358784ed3,,metadata,,
prot-198889--44,i-1a791c5f01033542,,metadata,,
prot-198889--44,i-d11c9f263f9a4be1,,metadata,,
prot-198889--44,i-ca2e49bd3a8046a8,,metadata,,
prot-198889--44,i-92525a42ce7d6587,,note,,
prot-198889--44,i-bf1b6fc596eab509,,note,,
prot-198889--44,i-69d19b299e10be64,,metadata,,
prot-198889--44,i-b748fc3dcdec0938,,metadata,,
prot-198889--44,i-b110b3e5f8318484,,metadata,,
prot-198889--44,i-8adfff15edde08f0,,metadata,,
prot-198889--44,i-724d3f05150208c1,,metadata,,
prot-198889--44,i-d1ca8c456db0c31a,,metadata,,
prot-198889--44,i-66c0cbc603124f72,d84fc8cb7cb8f0d1,speech_start,charlotte_cederschiold_adca82,
prot-198889--44,i-ac8ef66123d82417,d84fc8cb7cb8f0d1,speech_start,inger_hestvik_623f26,
prot-198889--44,i-825b469371364e4c,,note,,
prot-198889--44,i-81031aaed1e77d8c,d84fc8cb7cb8f0d1,speech_start,charlotte_cederschiold_adca82,
prot-198889--44,i-ee01cec9ba9eedae,d84fc8cb7cb8f0d1,speech_start,inger_hestvik_623f26,
prot-198889--44,i-1e34caae37913543,,note,,
prot-198889--44,i-51ee8ab9035da7f1,f0d538d10bda4e34,speech_start,elisabeth_persson_670b70,
prot-198889--44,i-3a18fedca9cd8007,,metadata,,
prot-198889--44,i-a0f284a4152d264c,,metadata,,
prot-198889--44,i-c802378a5fd72e41,,metadata,,
prot-198889--44,i-7521fb1b5e6543cb,,metadata,,
prot-198889--44,i-c656f8b0b9d63a23,,metadata,,
prot-198889--44,i-fe4a827a9238e585,,metadata,,
prot-198889--44,i-a27408282490a6d0,,note,,
prot-198889--44,i-90413f6679cde1b1,,note,,
prot-198889--44,i-cb27b55755113d0c,,note,,
prot-198889--44,i-3f88edab5af845cc,,note,,
prot-198889--44,i-cd48948086a571e6,f0d538d10bda4e34,speech_start,per_westerberg_a286f3,
prot-198889--44,i-a62d945cc8aad9ad,f0d538d10bda4e34,speech_start,lars_norberg_b87004,
prot-198889--44,i-5f9684c2002b7461,,metadata,,
prot-198889--44,i-fb65df4a8b11169a,,metadata,,
prot-198889--44,i-f2ab269a4ff6ff0c,,metadata,,
prot-198889--44,i-f1fbc0eb5ff5a3c9,,note,,
prot-198889--44,i-31e046bd13c28078,d84fc8cb7cb8f0d1,speech_start,per_westerberg_a286f3,
prot-198889--44,i-76a58a53c5f5896e,,metadata,,
prot-198889--44,i-4edab4d8db79994d,,metadata,,
prot-198889--44,i-f55fef2c50f6be66,d84fc8cb7cb8f0d1,speech_start,lars_norberg_b87004,
prot-198889--44,i-361a0fdbbb41c816,d84fc8cb7cb8f0d1,speech_start,per_westerberg_a286f3,
prot-198889--44,i-4ff20b5286a920d3,d84fc8cb7cb8f0d1,speech_start,lars_norberg_b87004,
prot-198889--44,i-27135aee3cc27cb5,,note,,
prot-198889--44,i-8de5f6759e46f762,f0d538d10bda4e34,speech_start,,
prot-198889--44,i-89a5759204f2ea2e,,metadata,,
prot-198889--44,i-caf622e46886db26,,metadata,,
prot-198889--44,i-d98be3ff451ef38d,,metadata,,
prot-198889--44,i-bb088ae7ca178888,,metadata,,
prot-198889--44,i-0e3814be469b930e,d84fc8cb7cb8f0d1,speech_start,per_westerberg_a286f3,
prot-198889--44,i-a1150441909b160d,d84fc8cb7cb8f0d1,speech_start,lars_norberg_b87004,
prot-198889--44,i-ec5d388b126dd017,,metadata,,
prot-198889--44,i-f21991014ee395c8,d84fc8cb7cb8f0d1,speech_start,,
prot-198889--44,i-3f38d8db231105f2,f0d538d10bda4e34,speech_start,gudrun_norberg_66e0e4,
prot-198889--44,i-ec445e24d7777f06,,note,,
prot-198889--44,i-9e63bc91b8bb65e9,,metadata,,
prot-198889--44,i-dec6752882df847b,,metadata,,
prot-198889--44,i-270c54ca86515e67,,metadata,,
prot-198889--44,i-18ca78e9b0c14150,,note,,
prot-198889--44,i-8d3b27860e853af3,,note,,
prot-198889--44,i-476061299d3174ef,,note,,
prot-198889--44,i-a8bfe0163dfd9a88,,note,,
prot-198889--44,i-b1b791efceeb48bd,,note,,
prot-198889--44,i-5a23f81567a42d48,,note,,
prot-198889--44,i-decc5f5c8aa14752,,note,,
prot-198889--44,i-6b23d5d836152071,,note,,
prot-198889--44,i-5a64f8c9f6872c7c,,note,,
prot-198889--44,i-d3eb1fac5e3910ad,,note,,
prot-198889--44,i-73272d414de7391b,,note,,
prot-198889--44,i-cb454d67d042e2cc,,note,,
prot-198889--44,i-f99478deb0176396,,note,,
prot-198889--44,i-86e4077e0c26d6f5,,note,,
prot-198889--44,i-24702b92534f9b13,,note,,
prot-198889--44,i-0ead68ee74dde517,,note,,
prot-198889--44,i-e2d00bcb006c59b5,,note,,
prot-198889--44,i-63cfb2a5922750a2,,note,,
prot-198889--44,i-b6383d9806622393,,note,,
prot-198889--44,i-9b929765c058f8ed,,note,,
prot-198889--44,i-be2b9b2a8504ca8c,,metadata,,
prot-198889--44,i-d051ed63b638a489,36cdc1fd812d7973,speech_start,rosa_osth_7ce2e5,
prot-198889--44,i-e869fda0a01019b5,,metadata,,
prot-198889--44,i-9c281f2e4394a60d,,note,,
prot-198889--44,i-797b6dd60db6b760,,metadata,,
prot-198889--44,i-449f9621010b15c4,,note,,
prot-198889--44,i-9236e51c1055b681,,note,,
prot-198889--44,i-d1026f5936c73f6c,,note,,
prot-198889--44,i-a3c128ad1219e17b,,note,,
prot-198889--44,i-0c2f2d12105a599e,,note,,
prot-198889--44,i-0f769ad3a7a3bfc5,,note,,
prot-198889--44,i-5246af084058901c,36cdc1fd812d7973,speech_start,gudrun_schyman_d93bc8,
prot-198889--44,i-cf753fc77db98992,,metadata,,
prot-198889--44,i-2dde5f85602dfc0a,36cdc1fd812d7973,speech_start,sten_andersson_fe0b7e,
prot-198889--44,i-1468e548f84d2da1,36cdc1fd812d7973,speech_start,larz_johansson_422867,
prot-198889--44,i-9eb2f53bb49d11ee,,note,,
prot-198889--44,i-90a459007f72c702,36cdc1fd812d7973,speech_start,viola_claesson_4423ed,
prot-198889--44,i-0403d3ba6c10008b,,metadata,,
prot-198889--44,i-e3076a3c369cb2f2,,note,,
prot-198889--44,i-798a11f263b42d0b,,metadata,,
prot-198889--44,i-3ce6ac63cf1f13e7,,metadata,,
prot-198889--44,i-58434b65f39ae4dc,,note,,
prot-198889--44,i-a259a0000370b5b3,,metadata,,
prot-198889--44,i-fad3a4d749847890,36cdc1fd812d7973,speech_start,ingrid_hasselstrom_nyvall_739d8b,
prot-198889--44,i-15e8d48592a1d28c,,note,,
prot-198889--44,i-a2dd7f6b3fca98fb,,metadata,,
prot-198889--44,i-7a40945cf57eaa74,,metadata,,
prot-198889--44,i-c180b60f7f9d4574,,metadata,,
prot-198889--44,i-e31847b7f0f32e0f,,metadata,,
prot-198889--44,i-828b51391066c1ba,,metadata,,
prot-198889--44,i-3a77f2e863d56ba0,,note,,
prot-198889--44,i-a533087c6e5fa858,,note,,
prot-198889--44,i-7e80f30b98969236,,note,,
prot-198889--44,i-ff2442a8e37a9b72,,note,,
prot-198889--44,i-bab5b6daba807dce,,note,,
prot-198889--44,i-69d0dd26ba1d97dd,,note,,
prot-198889--44,i-1940f9eb68896a39,,note,,
prot-198889--44,i-ac1ad5cc39fd6a01,,note,,
prot-198889--44,i-df1479107d39204e,,note,,
prot-198889--44,i-ed467c90a3968ed8,,note,,
prot-198889--44,i-c3642fa586d43b91,,note,,
prot-198889--44,i-84e6df3e696857e9,,note,,
prot-198889--44,i-f77b712d162e3404,,note,,
prot-198889--44,i-80274ca49c85041f,,note,,
prot-198889--44,i-b39f7ae943bba0a1,,note,,
prot-198889--44,i-7f8420c45d2fd0d3,,note,,
prot-198889--44,i-76c6b4fb56b93e4b,,note,,
prot-198889--44,i-de8fce745bededdb,,note,,
prot-198889--44,i-032dad7f8fc37cee,,note,,
prot-198889--44,i-1285e34fab477ca1,,note,,
prot-198889--44,i-73c393f3324ed780,,note,,
prot-198889--44,i-13dac5dc0980759c,,note,,
prot-198889--44,i-d21d35d53d5cb003,,note,,
prot-198889--44,i-7660f8a74cfcd69d,,note,,
prot-198889--44,i-00ca0c2be13072b5,,note,,
prot-198889--44,i-19fff00c0fe58783,,note,,
prot-198889--44,i-bac471590d013771,,note,,
prot-198889--44,i-f911024306268bc9,,note,,
prot-198889--44,i-7b3194001410d3c8,,note,,
prot-198889--44,i-f25054a17803da03,,note,,
prot-198889--44,i-beeba0ae3c273b15,,note,,
prot-198889--44,i-1ff45844dd132aeb,,note,,
prot-198889--44,i-99b2610d592e4011,,note,,
prot-198889--44,i-1baff00dcfb9afe2,,note,,
prot-198889--44,i-855e55730f49e146,,note,,
prot-198889--44,i-c0f35f200ce7f570,,metadata,,
